200 200

5000
0 0
0 19
0 49
0 51
0 57
0 59
0 64
0 82
0 103
0 133
0 144
0 145
0 154
0 166
0 169
0 182
0 188
0 197
1 1
1 3
1 5
1 11
1 17
1 22
1 40
1 41
1 43
1 53
1 57
1 67
1 69
1 75
1 80
1 96
1 107
1 117
1 135
1 143
1 149
1 153
1 154
1 173
1 175
1 184
1 186
1 194
2 0
2 3
2 13
2 27
2 29
2 31
2 41
2 48
2 52
2 72
2 92
2 100
2 106
2 120
2 124
2 130
2 132
2 136
2 166
2 167
2 180
2 181
2 186
2 189
2 190
2 197
3 3
3 13
3 15
3 20
3 28
3 31
3 36
3 46
3 50
3 59
3 66
3 72
3 76
3 81
3 91
3 96
3 107
3 109
3 111
3 130
3 135
3 152
3 159
3 162
3 174
3 184
4 14
4 18
4 29
4 49
4 50
4 51
4 53
4 57
4 58
4 60
4 68
4 71
4 82
4 95
4 115
4 121
4 124
4 126
4 129
4 153
4 157
4 163
4 172
4 173
4 181
4 189
4 196
4 198
5 2
5 9
5 18
5 19
5 37
5 40
5 50
5 73
5 87
5 89
5 95
5 110
5 124
5 125
5 129
5 135
5 140
5 148
5 150
5 154
5 158
5 163
5 184
5 185
6 5
6 15
6 22
6 35
6 42
6 46
6 61
6 68
6 69
6 71
6 74
6 77
6 86
6 103
6 128
6 136
6 139
6 146
6 147
6 152
6 162
6 185
6 187
6 189
6 192
7 22
7 40
7 42
7 43
7 45
7 65
7 83
7 88
7 92
7 115
7 120
7 125
7 127
7 131
7 144
7 154
7 158
7 165
7 171
7 174
7 193
8 0
8 3
8 15
8 18
8 37
8 38
8 39
8 45
8 47
8 54
8 78
8 94
8 99
8 106
8 117
8 118
8 129
8 130
8 160
8 167
8 169
8 175
8 177
8 179
9 0
9 3
9 5
9 26
9 55
9 67
9 77
9 103
9 105
9 106
9 109
9 113
9 125
9 127
9 130
9 132
9 138
9 158
9 172
9 189
9 195
10 1
10 5
10 10
10 19
10 28
10 30
10 53
10 100
10 106
10 107
10 138
10 140
10 141
10 153
10 156
10 159
10 181
10 190
10 197
11 0
11 19
11 21
11 27
11 63
11 73
11 84
11 93
11 97
11 106
11 119
11 126
11 130
11 142
11 143
11 159
11 161
11 165
11 179
11 185
11 186
11 197
11 199
12 4
12 9
12 10
12 25
12 38
12 39
12 41
12 44
12 45
12 59
12 61
12 62
12 64
12 77
12 82
12 96
12 98
12 117
12 129
12 134
12 145
12 163
12 167
12 171
12 172
12 176
12 181
12 185
12 188
12 197
13 21
13 22
13 35
13 38
13 42
13 56
13 61
13 64
13 67
13 80
13 93
13 99
13 109
13 114
13 120
13 126
13 130
13 152
13 196
13 198
14 10
14 16
14 19
14 21
14 32
14 49
14 55
14 65
14 67
14 71
14 75
14 97
14 117
14 121
14 129
14 138
14 145
14 149
14 159
14 162
14 163
14 167
14 171
14 178
14 179
14 184
14 193
14 195
15 7
15 21
15 23
15 31
15 32
15 34
15 37
15 62
15 80
15 81
15 111
15 119
15 148
15 158
15 163
15 164
15 181
15 186
15 187
16 0
16 2
16 8
16 14
16 17
16 32
16 33
16 37
16 72
16 82
16 84
16 120
16 137
16 147
16 155
16 158
16 178
16 180
16 198
17 27
17 31
17 34
17 39
17 52
17 69
17 75
17 102
17 111
17 122
17 123
17 128
17 135
17 146
17 152
17 153
17 159
17 169
17 170
17 175
17 176
17 178
17 182
17 190
18 4
18 8
18 10
18 22
18 23
18 41
18 43
18 51
18 52
18 54
18 59
18 102
18 104
18 107
18 120
18 124
18 129
18 147
18 152
18 192
18 195
19 26
19 29
19 30
19 48
19 53
19 59
19 83
19 87
19 89
19 90
19 99
19 100
19 107
19 117
19 118
19 119
19 123
19 127
19 131
19 132
19 134
19 135
19 140
19 142
19 155
19 160
19 168
19 172
19 192
19 194
20 1
20 15
20 46
20 47
20 58
20 78
20 96
20 101
20 102
20 106
20 117
20 124
20 125
20 131
20 145
20 157
20 162
20 167
20 172
20 173
20 177
20 190
20 197
21 1
21 7
21 11
21 13
21 23
21 38
21 39
21 44
21 57
21 64
21 68
21 73
21 74
21 89
21 90
21 116
21 137
21 140
21 146
21 150
21 153
21 165
21 174
21 184
22 19
22 31
22 41
22 49
22 54
22 57
22 90
22 91
22 96
22 97
22 101
22 113
22 116
22 125
22 138
22 156
22 164
22 165
22 173
22 179
22 180
22 187
22 189
22 191
22 192
23 2
23 4
23 14
23 26
23 36
23 45
23 57
23 79
23 80
23 95
23 98
23 115
23 126
23 128
23 138
23 149
23 152
23 155
23 156
23 159
23 164
23 173
23 183
23 196
24 19
24 24
24 47
24 48
24 49
24 59
24 63
24 73
24 88
24 89
24 95
24 109
24 111
24 116
24 127
24 128
24 132
24 138
24 141
24 142
24 148
24 152
24 154
24 158
24 176
24 177
24 178
24 182
24 194
24 195
25 1
25 20
25 28
25 43
25 56
25 63
25 83
25 87
25 99
25 110
25 130
25 133
25 141
25 149
25 163
25 170
25 172
25 177
25 187
25 188
25 191
25 197
26 1
26 13
26 19
26 20
26 21
26 25
26 45
26 47
26 48
26 57
26 63
26 69
26 81
26 89
26 90
26 92
26 94
26 96
26 101
26 109
26 111
26 120
26 126
26 142
26 147
26 150
26 155
26 169
26 184
26 188
26 189
26 190
26 191
27 8
27 20
27 22
27 26
27 47
27 50
27 51
27 60
27 61
27 64
27 68
27 77
27 83
27 107
27 121
27 129
27 135
27 136
27 139
27 141
27 161
27 164
27 169
27 185
27 190
28 15
28 18
28 21
28 22
28 36
28 37
28 46
28 67
28 74
28 76
28 85
28 104
28 107
28 117
28 152
28 159
28 163
28 173
28 183
28 195
29 0
29 6
29 11
29 20
29 44
29 47
29 58
29 67
29 72
29 80
29 86
29 88
29 92
29 93
29 100
29 111
29 113
29 117
29 131
29 137
29 143
29 153
29 154
29 156
29 161
29 165
29 177
29 187
29 188
29 193
29 199
30 1
30 2
30 18
30 19
30 33
30 37
30 57
30 87
30 95
30 96
30 99
30 107
30 132
30 145
30 148
30 154
30 195
30 196
31 6
31 7
31 12
31 13
31 15
31 22
31 48
31 49
31 61
31 67
31 72
31 75
31 78
31 79
31 83
31 112
31 130
31 131
31 141
31 143
31 174
31 176
31 185
31 191
31 192
32 12
32 17
32 22
32 24
32 26
32 27
32 34
32 42
32 44
32 51
32 52
32 79
32 90
32 93
32 105
32 120
32 138
32 141
32 144
32 149
32 151
32 156
32 161
32 166
32 171
32 175
32 181
32 189
32 194
33 2
33 5
33 20
33 23
33 29
33 37
33 40
33 45
33 63
33 67
33 75
33 82
33 86
33 91
33 92
33 93
33 99
33 106
33 116
33 120
33 128
33 137
33 138
33 139
33 141
33 154
33 166
33 172
33 197
34 3
34 9
34 36
34 42
34 57
34 70
34 75
34 77
34 81
34 86
34 91
34 97
34 102
34 103
34 119
34 134
34 139
34 145
34 153
34 155
34 165
34 172
34 175
34 176
34 179
34 192
34 198
35 19
35 32
35 37
35 45
35 52
35 53
35 57
35 61
35 66
35 67
35 71
35 73
35 79
35 85
35 86
35 89
35 104
35 110
35 111
35 112
35 127
35 129
35 137
35 140
35 143
35 144
35 145
35 147
35 150
35 155
35 158
35 159
35 164
35 182
35 195
35 199
36 0
36 1
36 4
36 15
36 34
36 55
36 75
36 81
36 88
36 95
36 97
36 98
36 103
36 104
36 110
36 111
36 113
36 116
36 119
36 122
36 130
36 131
36 137
36 140
36 147
36 157
36 158
36 165
36 168
36 178
36 182
36 183
36 186
36 189
36 191
37 0
37 9
37 11
37 13
37 40
37 46
37 47
37 50
37 53
37 58
37 74
37 80
37 87
37 90
37 102
37 108
37 125
37 130
37 145
37 148
37 149
37 150
37 153
37 175
37 182
37 188
37 190
37 191
37 192
38 4
38 6
38 9
38 24
38 33
38 39
38 50
38 51
38 52
38 58
38 70
38 71
38 72
38 84
38 88
38 90
38 91
38 104
38 105
38 115
38 118
38 135
38 138
38 143
38 178
38 197
39 3
39 24
39 36
39 39
39 41
39 42
39 43
39 54
39 62
39 65
39 66
39 67
39 70
39 71
39 79
39 95
39 102
39 121
39 127
39 130
39 157
39 163
39 170
39 182
40 7
40 18
40 22
40 29
40 31
40 46
40 56
40 59
40 60
40 68
40 75
40 88
40 100
40 105
40 111
40 117
40 118
40 131
40 137
40 142
40 178
40 180
40 186
40 190
40 195
41 0
41 4
41 11
41 13
41 20
41 27
41 28
41 29
41 31
41 36
41 44
41 52
41 66
41 81
41 83
41 92
41 105
41 111
41 112
41 130
41 131
41 136
41 137
41 140
41 146
41 147
41 167
41 174
41 176
41 178
41 181
41 182
41 194
41 195
41 196
42 1
42 9
42 12
42 23
42 29
42 34
42 43
42 64
42 76
42 83
42 86
42 109
42 115
42 116
42 132
42 147
42 151
42 155
42 168
42 170
42 177
42 183
42 188
43 0
43 8
43 16
43 19
43 30
43 33
43 34
43 63
43 82
43 85
43 121
43 137
43 144
43 146
43 148
43 157
43 177
44 1
44 5
44 10
44 16
44 19
44 34
44 37
44 74
44 79
44 83
44 98
44 104
44 110
44 111
44 121
44 123
44 125
44 132
44 141
44 144
44 156
44 161
45 13
45 15
45 26
45 30
45 37
45 52
45 54
45 62
45 73
45 79
45 88
45 101
45 103
45 121
45 162
45 164
45 186
45 187
45 191
45 194
46 19
46 39
46 46
46 47
46 57
46 61
46 68
46 76
46 80
46 97
46 105
46 118
46 123
46 137
46 142
46 147
46 152
46 167
46 168
46 179
46 187
46 189
46 190
46 193
46 197
46 199
47 18
47 20
47 22
47 44
47 47
47 67
47 81
47 94
47 107
47 121
47 123
47 127
47 131
47 143
47 145
47 147
47 167
47 175
47 187
47 192
47 198
48 3
48 13
48 25
48 31
48 61
48 64
48 70
48 74
48 95
48 99
48 100
48 106
48 107
48 143
48 146
48 166
48 173
48 174
48 178
48 181
48 184
48 188
49 6
49 10
49 15
49 20
49 39
49 40
49 49
49 51
49 56
49 72
49 81
49 84
49 86
49 92
49 97
49 102
49 123
49 125
49 128
49 143
49 156
49 165
49 168
49 184
49 189
49 191
49 192
49 196
50 11
50 14
50 25
50 34
50 36
50 37
50 50
50 56
50 58
50 94
50 97
50 105
50 112
50 121
50 122
50 127
50 141
50 149
50 158
50 164
50 175
50 185
50 199
51 0
51 9
51 22
51 33
51 42
51 47
51 64
51 66
51 71
51 73
51 92
51 95
51 105
51 121
51 128
51 129
51 141
51 152
51 167
51 175
51 195
51 196
52 12
52 13
52 14
52 17
52 21
52 24
52 25
52 38
52 39
52 41
52 48
52 53
52 70
52 84
52 86
52 92
52 93
52 106
52 108
52 112
52 122
52 123
52 132
52 144
52 147
52 153
52 169
52 173
52 176
52 187
52 192
52 195
53 7
53 27
53 37
53 42
53 43
53 47
53 74
53 76
53 92
53 103
53 106
53 107
53 113
53 116
53 119
53 132
53 147
53 148
53 150
53 154
53 156
53 158
53 159
53 168
53 169
53 185
53 197
53 198
54 1
54 7
54 10
54 11
54 14
54 15
54 33
54 41
54 46
54 48
54 53
54 68
54 74
54 78
54 87
54 90
54 95
54 96
54 99
54 113
54 120
54 131
54 134
54 138
54 140
54 141
54 155
54 164
54 179
54 182
54 193
55 0
55 1
55 19
55 22
55 35
55 46
55 48
55 51
55 67
55 68
55 71
55 79
55 82
55 84
55 106
55 108
55 112
55 132
55 154
55 158
55 161
55 168
55 169
55 176
55 178
55 181
55 184
55 186
56 6
56 12
56 29
56 33
56 34
56 36
56 39
56 54
56 59
56 68
56 76
56 88
56 95
56 119
56 126
56 129
56 136
56 142
56 143
56 149
56 153
56 162
56 164
56 166
56 175
56 178
56 185
57 3
57 25
57 34
57 35
57 38
57 39
57 40
57 51
57 56
57 59
57 66
57 68
57 83
57 94
57 99
57 118
57 120
57 134
57 139
57 144
57 152
57 174
57 176
57 192
57 198
58 8
58 20
58 24
58 40
58 49
58 63
58 66
58 67
58 89
58 94
58 95
58 100
58 125
58 127
58 133
58 134
58 142
58 154
58 177
58 178
58 182
58 183
58 185
58 195
59 2
59 14
59 15
59 21
59 23
59 44
59 52
59 53
59 62
59 82
59 83
59 90
59 92
59 96
59 106
59 108
59 118
59 131
59 136
59 137
59 140
59 152
59 154
59 165
60 4
60 12
60 27
60 33
60 35
60 51
60 56
60 73
60 78
60 81
60 90
60 103
60 114
60 125
60 127
60 130
60 131
60 133
60 145
60 147
60 156
60 161
60 164
60 174
60 175
60 197
60 198
61 3
61 14
61 20
61 49
61 51
61 68
61 74
61 82
61 97
61 113
61 115
61 121
61 131
61 134
61 141
61 153
61 173
61 190
62 18
62 29
62 43
62 47
62 48
62 52
62 53
62 70
62 73
62 94
62 95
62 97
62 100
62 101
62 103
62 111
62 113
62 126
62 131
62 134
62 142
62 143
62 160
62 167
62 175
62 182
62 185
62 189
62 194
63 0
63 21
63 25
63 34
63 44
63 66
63 68
63 72
63 73
63 101
63 105
63 157
63 163
63 164
63 175
63 178
63 180
63 186
63 187
64 0
64 4
64 6
64 7
64 18
64 24
64 33
64 38
64 39
64 76
64 90
64 104
64 114
64 115
64 129
64 139
64 159
64 160
64 163
64 173
64 178
65 4
65 7
65 8
65 14
65 23
65 29
65 47
65 50
65 56
65 57
65 58
65 62
65 69
65 73
65 83
65 84
65 89
65 92
65 113
65 117
65 119
65 121
65 127
65 139
65 141
65 144
65 159
65 160
65 166
65 171
65 177
65 178
65 181
65 185
65 187
65 190
65 191
66 2
66 3
66 19
66 22
66 39
66 44
66 53
66 56
66 62
66 67
66 82
66 85
66 86
66 89
66 93
66 123
66 133
66 135
66 139
66 150
66 151
66 152
66 158
66 171
66 197
67 20
67 23
67 68
67 76
67 109
67 110
67 118
67 129
67 153
67 163
67 166
67 177
67 180
67 183
68 13
68 31
68 32
68 45
68 48
68 69
68 75
68 76
68 79
68 81
68 86
68 98
68 101
68 106
68 115
68 125
68 127
68 152
68 156
68 165
68 171
68 183
68 184
68 185
68 189
68 190
68 196
69 8
69 9
69 15
69 23
69 55
69 72
69 77
69 78
69 83
69 88
69 118
69 119
69 127
69 129
69 135
69 137
69 143
69 150
69 154
69 179
70 4
70 9
70 13
70 36
70 48
70 52
70 56
70 57
70 65
70 66
70 67
70 69
70 76
70 80
70 90
70 105
70 106
70 134
70 145
70 149
70 164
70 168
70 173
70 186
71 8
71 19
71 25
71 29
71 36
71 44
71 48
71 59
71 64
71 89
71 92
71 95
71 96
71 101
71 114
71 118
71 120
71 131
71 148
71 161
71 171
71 175
71 180
71 192
72 7
72 28
72 33
72 35
72 39
72 43
72 54
72 55
72 57
72 61
72 69
72 88
72 91
72 94
72 108
72 110
72 117
72 118
72 129
72 132
72 133
72 141
72 150
72 154
72 162
72 164
72 174
72 186
72 198
72 199
73 7
73 10
73 16
73 22
73 38
73 39
73 45
73 51
73 56
73 60
73 79
73 88
73 91
73 94
73 101
73 103
73 132
73 152
73 160
73 165
73 199
74 16
74 33
74 38
74 50
74 65
74 76
74 84
74 85
74 98
74 102
74 117
74 118
74 119
74 123
74 127
74 131
74 142
74 147
74 149
75 11
75 18
75 28
75 32
75 43
75 47
75 53
75 60
75 70
75 76
75 87
75 88
75 103
75 108
75 113
75 128
75 139
75 141
75 147
75 155
75 163
75 171
75 177
75 178
75 189
76 19
76 35
76 43
76 45
76 47
76 50
76 54
76 58
76 67
76 74
76 77
76 79
76 85
76 99
76 105
76 121
76 125
76 129
76 136
76 141
76 146
76 152
76 163
76 166
76 175
77 2
77 8
77 11
77 12
77 32
77 41
77 43
77 44
77 46
77 57
77 64
77 76
77 78
77 84
77 86
77 87
77 92
77 106
77 127
77 133
77 136
77 138
77 146
77 153
77 188
78 0
78 3
78 5
78 6
78 29
78 31
78 38
78 39
78 44
78 67
78 71
78 74
78 79
78 89
78 93
78 120
78 121
78 132
78 138
78 154
78 156
78 157
78 158
78 160
78 177
78 184
78 187
78 196
78 198
79 11
79 14
79 22
79 37
79 44
79 49
79 51
79 55
79 79
79 95
79 104
79 110
79 113
79 118
79 131
79 150
79 157
79 167
79 174
79 184
79 185
79 188
79 193
80 31
80 35
80 36
80 49
80 51
80 63
80 67
80 76
80 80
80 82
80 112
80 123
80 130
80 132
80 133
80 137
80 138
80 140
80 156
80 165
80 166
80 171
80 174
80 175
80 180
80 193
81 10
81 11
81 41
81 48
81 49
81 61
81 63
81 67
81 68
81 84
81 95
81 116
81 118
81 127
81 162
81 166
81 197
82 18
82 28
82 31
82 44
82 45
82 48
82 59
82 73
82 76
82 79
82 106
82 125
82 137
82 141
82 146
82 147
82 148
82 164
82 170
82 171
82 184
82 187
82 189
82 195
83 5
83 7
83 25
83 26
83 41
83 52
83 61
83 64
83 67
83 70
83 90
83 97
83 101
83 105
83 107
83 108
83 122
83 133
83 139
83 145
83 150
83 174
83 192
84 5
84 7
84 23
84 31
84 32
84 58
84 65
84 72
84 73
84 88
84 99
84 100
84 105
84 132
84 136
84 153
84 156
84 158
84 161
84 180
84 189
84 193
85 6
85 8
85 11
85 18
85 19
85 25
85 35
85 36
85 53
85 55
85 76
85 77
85 90
85 92
85 96
85 103
85 108
85 112
85 119
85 138
85 161
85 167
85 173
85 184
85 199
86 16
86 27
86 28
86 37
86 47
86 48
86 62
86 79
86 87
86 96
86 97
86 115
86 122
86 126
86 127
86 132
86 134
86 138
86 141
86 157
86 160
86 186
86 193
86 199
87 0
87 9
87 12
87 42
87 50
87 61
87 63
87 78
87 80
87 82
87 91
87 94
87 106
87 110
87 114
87 118
87 123
87 126
87 129
87 130
87 162
87 173
87 174
87 177
87 179
87 182
87 193
87 199
88 0
88 13
88 22
88 23
88 32
88 35
88 54
88 55
88 58
88 73
88 92
88 94
88 97
88 100
88 108
88 111
88 116
88 118
88 120
88 123
88 144
88 152
88 155
88 165
88 184
88 187
89 6
89 10
89 13
89 33
89 36
89 39
89 52
89 58
89 60
89 61
89 62
89 64
89 65
89 70
89 74
89 75
89 87
89 94
89 101
89 108
89 109
89 134
89 145
89 149
89 163
89 191
89 193
90 2
90 8
90 13
90 24
90 38
90 45
90 46
90 47
90 48
90 49
90 51
90 54
90 71
90 77
90 78
90 84
90 88
90 89
90 97
90 116
90 119
90 122
90 129
90 131
90 140
90 141
90 146
90 149
90 156
90 164
90 172
90 179
90 185
91 0
91 12
91 31
91 52
91 58
91 67
91 68
91 70
91 81
91 85
91 87
91 97
91 101
91 105
91 108
91 111
91 113
91 148
91 150
91 158
91 167
91 171
91 197
91 199
92 10
92 16
92 36
92 45
92 72
92 76
92 82
92 83
92 97
92 121
92 155
92 166
92 169
92 171
92 179
92 184
92 189
92 191
93 7
93 22
93 25
93 31
93 41
93 44
93 46
93 50
93 70
93 86
93 89
93 90
93 102
93 124
93 150
93 153
93 155
93 171
93 180
93 181
93 194
94 8
94 13
94 15
94 18
94 25
94 26
94 28
94 39
94 52
94 54
94 59
94 61
94 67
94 69
94 71
94 81
94 89
94 94
94 99
94 104
94 112
94 123
94 128
94 141
94 143
94 147
94 148
94 151
94 155
94 165
94 179
94 180
94 186
94 198
95 12
95 28
95 40
95 44
95 45
95 48
95 53
95 60
95 64
95 71
95 78
95 81
95 93
95 104
95 113
95 122
95 132
95 162
95 177
95 187
95 196
96 3
96 42
96 46
96 48
96 58
96 59
96 64
96 67
96 69
96 70
96 75
96 83
96 88
96 90
96 96
96 99
96 102
96 117
96 142
96 158
96 160
96 164
96 165
96 168
96 173
96 174
96 180
96 187
96 195
96 199
97 8
97 19
97 21
97 23
97 32
97 38
97 41
97 43
97 48
97 53
97 58
97 64
97 69
97 71
97 75
97 77
97 80
97 92
97 99
97 107
97 109
97 112
97 113
97 114
97 141
97 142
97 167
97 169
97 186
98 8
98 18
98 21
98 25
98 35
98 36
98 37
98 38
98 42
98 45
98 49
98 60
98 61
98 62
98 77
98 93
98 117
98 119
98 125
98 129
98 138
98 143
98 145
98 153
98 160
98 164
98 174
98 185
98 189
98 199
99 12
99 18
99 30
99 32
99 41
99 48
99 49
99 65
99 66
99 71
99 94
99 96
99 101
99 116
99 122
99 129
99 132
99 137
99 143
99 151
99 156
99 166
99 167
99 169
99 179
99 182
99 187
99 193
99 195
100 2
100 6
100 10
100 18
100 19
100 21
100 32
100 36
100 40
100 42
100 43
100 45
100 81
100 82
100 83
100 85
100 86
100 89
100 104
100 110
100 130
100 135
100 136
100 140
100 144
100 147
100 148
100 153
100 173
100 188
100 189
101 2
101 13
101 26
101 30
101 36
101 47
101 52
101 58
101 66
101 75
101 83
101 91
101 108
101 115
101 118
101 141
101 142
101 148
101 155
101 156
101 160
101 167
101 172
101 194
102 2
102 11
102 17
102 22
102 24
102 27
102 47
102 59
102 60
102 70
102 79
102 82
102 92
102 94
102 97
102 103
102 104
102 105
102 109
102 113
102 114
102 119
102 122
102 123
102 135
102 141
102 172
102 183
102 187
102 188
102 192
102 194
102 199
103 1
103 2
103 7
103 8
103 9
103 13
103 21
103 27
103 34
103 56
103 57
103 64
103 74
103 75
103 101
103 132
103 139
103 142
103 147
103 157
103 172
103 183
103 188
104 3
104 5
104 6
104 12
104 15
104 17
104 25
104 30
104 45
104 51
104 53
104 58
104 68
104 86
104 89
104 91
104 92
104 96
104 104
104 110
104 118
104 123
104 125
104 140
104 147
104 159
104 172
104 178
104 181
104 182
104 186
104 193
105 5
105 11
105 31
105 33
105 36
105 38
105 58
105 63
105 64
105 66
105 116
105 119
105 126
105 128
105 143
105 159
105 168
105 171
105 174
105 177
105 195
106 6
106 19
106 22
106 29
106 33
106 36
106 49
106 53
106 61
106 63
106 72
106 85
106 89
106 91
106 99
106 113
106 120
106 127
106 137
106 140
106 144
106 156
106 166
106 182
106 183
106 190
107 9
107 12
107 25
107 29
107 33
107 46
107 51
107 54
107 67
107 104
107 114
107 119
107 127
107 136
107 143
107 168
107 182
107 196
107 198
107 199
108 6
108 13
108 14
108 22
108 37
108 66
108 73
108 75
108 82
108 105
108 107
108 115
108 144
108 150
108 151
108 170
108 184
108 187
108 194
108 196
108 199
109 0
109 16
109 28
109 36
109 58
109 66
109 95
109 99
109 129
109 134
109 146
109 153
109 172
109 174
109 177
109 179
109 181
109 188
109 191
109 193
110 4
110 6
110 8
110 10
110 16
110 18
110 23
110 35
110 54
110 57
110 59
110 76
110 82
110 92
110 95
110 99
110 105
110 117
110 121
110 127
110 128
110 153
110 158
110 162
110 173
110 174
110 189
110 198
111 8
111 36
111 38
111 47
111 53
111 62
111 64
111 65
111 70
111 73
111 76
111 81
111 90
111 106
111 107
111 109
111 124
111 129
111 130
111 133
111 134
111 135
111 141
111 142
111 163
111 171
111 177
111 189
111 195
111 197
112 11
112 18
112 21
112 53
112 69
112 71
112 73
112 81
112 84
112 88
112 99
112 106
112 108
112 118
112 121
112 127
112 133
112 135
112 142
112 150
112 156
112 166
112 171
112 172
112 180
112 181
112 182
112 194
112 196
113 9
113 15
113 65
113 66
113 67
113 70
113 74
113 76
113 81
113 93
113 112
113 115
113 118
113 119
113 155
113 184
113 185
113 199
114 7
114 17
114 18
114 43
114 53
114 57
114 63
114 78
114 85
114 100
114 114
114 115
114 136
114 139
114 144
114 146
114 165
114 166
114 173
114 193
114 194
115 2
115 4
115 10
115 24
115 28
115 37
115 45
115 47
115 53
115 64
115 65
115 66
115 82
115 87
115 103
115 108
115 109
115 122
115 128
115 147
115 155
115 156
115 163
115 170
115 172
115 182
115 189
116 15
116 29
116 51
116 54
116 74
116 75
116 88
116 94
116 99
116 100
116 115
116 124
116 132
116 133
116 134
116 137
116 140
116 144
116 154
116 159
116 165
116 166
116 170
116 171
116 179
116 184
116 193
117 6
117 10
117 20
117 22
117 27
117 36
117 43
117 53
117 61
117 68
117 75
117 88
117 104
117 114
117 139
117 140
117 145
117 152
117 154
117 160
117 167
117 175
117 186
118 20
118 37
118 41
118 44
118 45
118 50
118 53
118 63
118 99
118 108
118 110
118 117
118 124
118 126
118 151
118 168
118 174
118 177
118 178
118 181
118 182
118 191
118 195
119 2
119 12
119 41
119 59
119 67
119 86
119 88
119 94
119 96
119 98
119 128
119 130
119 134
119 135
119 137
119 156
119 162
119 183
119 191
119 198
120 1
120 6
120 15
120 24
120 28
120 34
120 37
120 38
120 39
120 41
120 55
120 70
120 80
120 82
120 83
120 94
120 100
120 112
120 119
120 122
120 128
120 135
120 141
120 142
120 145
120 151
120 155
120 165
120 188
120 193
120 194
120 197
121 15
121 17
121 19
121 24
121 36
121 48
121 49
121 57
121 85
121 86
121 89
121 134
121 143
121 167
121 169
121 178
121 180
121 189
121 193
121 195
121 196
122 17
122 24
122 27
122 38
122 57
122 60
122 76
122 104
122 125
122 140
122 142
122 144
122 168
122 171
122 173
122 183
122 195
123 0
123 6
123 9
123 20
123 48
123 55
123 64
123 71
123 75
123 86
123 90
123 96
123 98
123 120
123 124
123 147
123 150
123 157
123 163
123 169
123 177
123 190
124 8
124 9
124 26
124 39
124 41
124 47
124 48
124 54
124 55
124 56
124 58
124 59
124 60
124 71
124 76
124 91
124 99
124 100
124 106
124 113
124 119
124 128
124 129
124 134
124 149
124 153
124 163
124 164
124 175
124 184
124 185
124 192
124 193
124 196
124 197
124 198
125 2
125 21
125 41
125 67
125 74
125 85
125 112
125 114
125 119
125 125
125 130
125 157
125 158
125 159
125 164
125 165
125 169
125 173
125 181
125 182
125 196
126 10
126 17
126 21
126 22
126 23
126 26
126 32
126 46
126 48
126 50
126 68
126 80
126 91
126 93
126 94
126 104
126 117
126 118
126 128
126 129
126 156
126 157
126 160
126 162
126 164
126 165
126 179
126 181
126 188
126 195
127 2
127 8
127 9
127 10
127 22
127 26
127 28
127 34
127 57
127 59
127 66
127 69
127 74
127 80
127 86
127 90
127 99
127 103
127 109
127 148
127 159
127 178
127 186
127 188
127 190
127 196
128 2
128 23
128 24
128 25
128 31
128 35
128 37
128 39
128 41
128 50
128 53
128 68
128 73
128 86
128 94
128 95
128 96
128 119
128 148
128 152
128 153
128 154
128 164
128 167
128 186
129 7
129 10
129 14
129 19
129 28
129 44
129 47
129 52
129 55
129 57
129 58
129 91
129 96
129 101
129 105
129 112
129 113
129 116
129 124
129 142
129 151
129 158
129 168
129 179
129 189
129 191
129 192
130 1
130 9
130 13
130 16
130 18
130 28
130 32
130 53
130 59
130 68
130 72
130 78
130 99
130 106
130 115
130 117
130 118
130 125
130 126
130 127
130 133
130 140
130 164
130 168
130 170
130 172
130 179
130 183
130 186
130 190
131 8
131 15
131 18
131 20
131 29
131 37
131 41
131 45
131 46
131 78
131 82
131 84
131 89
131 92
131 99
131 106
131 111
131 124
131 133
131 135
131 140
131 141
131 164
131 165
131 168
131 175
131 184
131 197
132 19
132 21
132 30
132 31
132 38
132 44
132 53
132 54
132 56
132 57
132 60
132 74
132 77
132 85
132 91
132 95
132 97
132 102
132 105
132 111
132 114
132 132
132 138
132 140
132 146
132 153
132 160
132 170
132 175
132 185
132 194
132 195
132 196
132 197
133 0
133 1
133 3
133 5
133 8
133 21
133 30
133 36
133 51
133 61
133 69
133 71
133 73
133 74
133 81
133 82
133 94
133 115
133 120
133 140
133 141
133 172
133 184
133 185
134 10
134 18
134 21
134 32
134 36
134 51
134 52
134 54
134 67
134 78
134 84
134 93
134 112
134 114
134 136
134 137
134 147
134 154
134 159
134 160
134 164
134 173
134 178
134 192
135 14
135 32
135 44
135 45
135 54
135 62
135 68
135 71
135 75
135 97
135 107
135 112
135 137
135 138
135 159
135 175
135 180
135 185
135 198
136 10
136 13
136 15
136 16
136 23
136 30
136 31
136 37
136 54
136 55
136 65
136 72
136 73
136 75
136 76
136 97
136 102
136 113
136 116
136 119
136 157
136 158
136 167
136 175
136 182
136 183
136 190
137 0
137 40
137 43
137 44
137 45
137 46
137 56
137 73
137 84
137 101
137 113
137 117
137 133
137 144
137 146
137 168
137 169
137 176
137 179
137 188
137 194
137 195
138 6
138 7
138 21
138 25
138 27
138 30
138 41
138 54
138 56
138 58
138 72
138 75
138 84
138 95
138 107
138 116
138 118
138 119
138 122
138 123
138 128
138 137
138 143
138 149
138 151
138 162
138 171
138 179
138 183
138 184
138 189
138 195
138 197
138 198
139 3
139 9
139 19
139 27
139 37
139 39
139 42
139 68
139 74
139 83
139 88
139 92
139 95
139 105
139 117
139 119
139 124
139 127
139 136
139 137
139 160
139 173
139 180
139 184
140 4
140 6
140 15
140 33
140 65
140 66
140 70
140 78
140 79
140 80
140 83
140 84
140 95
140 108
140 111
140 112
140 117
140 119
140 122
140 124
140 130
140 137
140 139
140 168
141 19
141 63
141 65
141 77
141 78
141 92
141 93
141 94
141 103
141 104
141 105
141 117
141 121
141 148
141 153
141 179
141 189
141 195
142 22
142 25
142 26
142 27
142 38
142 39
142 41
142 47
142 63
142 66
142 69
142 81
142 85
142 96
142 99
142 106
142 114
142 116
142 119
142 121
142 133
142 146
142 165
142 176
142 180
142 183
142 195
143 2
143 13
143 37
143 38
143 43
143 55
143 89
143 91
143 96
143 97
143 98
143 101
143 103
143 108
143 116
143 128
143 150
143 152
143 157
143 162
143 163
143 165
143 168
143 175
143 187
144 13
144 17
144 18
144 36
144 38
144 48
144 60
144 68
144 73
144 83
144 87
144 99
144 112
144 115
144 129
144 146
144 150
144 155
144 156
144 165
144 167
144 173
144 183
145 4
145 11
145 25
145 38
145 43
145 45
145 52
145 55
145 91
145 92
145 94
145 96
145 104
145 114
145 116
145 124
145 125
145 141
145 144
145 161
145 184
145 187
145 188
146 3
146 4
146 10
146 28
146 33
146 47
146 62
146 65
146 83
146 87
146 96
146 100
146 118
146 121
146 123
146 128
146 135
146 145
146 154
146 160
146 183
147 27
147 49
147 51
147 56
147 58
147 60
147 66
147 72
147 91
147 97
147 112
147 130
147 142
147 143
147 148
147 152
147 156
147 180
148 3
148 10
148 16
148 36
148 42
148 50
148 74
148 82
148 85
148 90
148 95
148 103
148 108
148 112
148 125
148 128
148 150
148 152
148 153
148 163
148 179
148 180
148 182
148 184
148 187
148 188
148 193
149 13
149 24
149 45
149 60
149 61
149 65
149 75
149 80
149 87
149 90
149 96
149 99
149 103
149 107
149 118
149 119
149 133
149 157
149 176
149 193
150 36
150 37
150 38
150 54
150 64
150 68
150 85
150 103
150 107
150 121
150 149
150 164
150 173
150 181
150 190
151 15
151 30
151 33
151 38
151 49
151 50
151 52
151 81
151 90
151 101
151 102
151 107
151 115
151 117
151 125
151 136
151 145
151 152
151 157
151 164
151 181
151 187
151 190
151 196
151 198
152 13
152 33
152 38
152 51
152 72
152 77
152 79
152 89
152 95
152 107
152 114
152 116
152 129
152 132
152 145
152 160
152 163
152 165
152 178
152 186
152 191
153 2
153 4
153 6
153 12
153 23
153 28
153 35
153 71
153 76
153 79
153 82
153 83
153 107
153 115
153 121
153 133
153 148
153 191
153 192
153 193
153 194
154 6
154 18
154 24
154 25
154 31
154 38
154 57
154 68
154 83
154 86
154 98
154 100
154 103
154 106
154 114
154 115
154 116
154 118
154 123
154 124
154 128
154 129
154 134
154 135
154 140
154 144
154 145
154 148
154 163
154 174
154 190
154 198
154 199
155 2
155 8
155 12
155 22
155 30
155 33
155 40
155 47
155 57
155 61
155 66
155 69
155 81
155 90
155 117
155 120
155 127
155 150
155 157
155 168
155 170
155 171
155 175
155 199
156 6
156 8
156 11
156 27
156 44
156 47
156 59
156 61
156 69
156 72
156 112
156 121
156 124
156 131
156 150
156 183
156 184
156 187
156 189
156 197
157 2
157 24
157 28
157 32
157 38
157 41
157 50
157 55
157 58
157 71
157 108
157 132
157 137
157 149
157 155
157 164
157 166
157 192
158 8
158 12
158 16
158 21
158 26
158 29
158 30
158 38
158 40
158 65
158 71
158 76
158 89
158 109
158 116
158 118
158 120
158 125
158 131
158 136
158 139
158 141
158 147
158 174
159 7
159 18
159 29
159 30
159 34
159 39
159 51
159 53
159 69
159 77
159 80
159 87
159 92
159 102
159 106
159 107
159 113
159 131
159 136
159 145
159 149
159 154
159 156
159 157
159 172
159 175
159 179
159 181
159 183
159 192
159 197
160 5
160 14
160 15
160 29
160 31
160 41
160 44
160 50
160 51
160 56
160 61
160 79
160 81
160 82
160 86
160 88
160 89
160 104
160 126
160 128
160 134
160 137
160 150
160 159
160 164
160 166
160 169
160 174
160 176
160 188
160 194
160 196
161 0
161 10
161 21
161 25
161 27
161 29
161 33
161 49
161 59
161 69
161 74
161 86
161 95
161 111
161 119
161 133
161 138
161 142
161 153
161 156
161 157
161 161
161 172
161 176
161 178
161 187
162 1
162 8
162 9
162 15
162 22
162 65
162 71
162 77
162 91
162 103
162 109
162 117
162 119
162 123
162 134
162 135
162 157
162 158
162 179
162 186
163 3
163 6
163 7
163 11
163 29
163 30
163 31
163 33
163 49
163 59
163 61
163 66
163 68
163 85
163 96
163 101
163 103
163 113
163 128
163 132
163 139
163 167
163 170
163 172
163 190
163 191
163 198
164 27
164 32
164 37
164 42
164 60
164 64
164 67
164 81
164 87
164 92
164 95
164 104
164 115
164 118
164 121
164 128
164 139
164 146
164 147
164 160
164 163
164 168
164 172
164 181
164 197
164 198
165 0
165 12
165 15
165 36
165 37
165 40
165 47
165 66
165 67
165 69
165 73
165 86
165 95
165 97
165 103
165 115
165 118
165 125
165 127
165 140
165 141
165 153
165 173
165 176
165 177
165 183
165 192
165 198
166 2
166 7
166 28
166 34
166 60
166 83
166 94
166 104
166 134
166 135
166 156
166 159
166 171
166 193
166 199
167 17
167 26
167 33
167 36
167 54
167 55
167 71
167 72
167 91
167 99
167 115
167 129
167 136
167 137
167 138
167 161
167 183
167 186
167 190
168 0
168 7
168 8
168 9
168 15
168 18
168 27
168 29
168 39
168 42
168 48
168 53
168 55
168 84
168 92
168 105
168 115
168 118
168 124
168 128
168 145
168 147
168 152
168 155
168 157
168 158
168 161
168 166
168 175
168 198
169 9
169 21
169 22
169 23
169 38
169 42
169 59
169 71
169 73
169 90
169 104
169 115
169 131
169 132
169 134
169 139
169 146
169 154
169 155
169 161
169 163
169 167
169 177
169 189
169 191
170 10
170 21
170 25
170 29
170 31
170 37
170 42
170 44
170 47
170 50
170 64
170 66
170 67
170 68
170 80
170 114
170 116
170 121
170 136
170 160
170 165
170 179
170 185
170 188
170 192
170 195
171 1
171 8
171 11
171 16
171 19
171 25
171 26
171 34
171 50
171 81
171 82
171 84
171 88
171 97
171 110
171 118
171 119
171 120
171 124
171 126
171 131
171 133
171 134
171 158
171 183
171 184
171 190
171 191
172 3
172 17
172 23
172 28
172 30
172 48
172 56
172 60
172 69
172 94
172 95
172 105
172 107
172 134
172 146
172 153
172 167
172 173
172 178
172 180
172 186
172 189
172 190
173 6
173 22
173 23
173 24
173 41
173 51
173 53
173 62
173 64
173 74
173 76
173 79
173 90
173 93
173 95
173 104
173 105
173 106
173 123
173 124
173 126
173 139
173 154
173 156
173 172
173 175
173 178
173 190
173 197
174 2
174 4
174 7
174 9
174 13
174 24
174 31
174 32
174 45
174 46
174 48
174 52
174 60
174 66
174 68
174 70
174 78
174 80
174 95
174 101
174 106
174 120
174 123
174 125
174 128
174 130
174 138
174 148
174 152
174 157
174 158
174 162
174 164
174 169
174 177
174 187
175 5
175 8
175 11
175 16
175 25
175 42
175 69
175 70
175 81
175 83
175 84
175 97
175 107
175 115
175 126
175 127
175 128
175 131
175 139
175 141
175 146
175 151
175 162
175 167
175 172
175 175
175 177
175 180
175 193
175 197
176 8
176 18
176 26
176 34
176 37
176 43
176 46
176 49
176 51
176 54
176 84
176 97
176 110
176 115
176 116
176 126
176 129
176 135
176 140
176 143
176 152
176 167
176 172
176 182
176 183
177 3
177 4
177 14
177 21
177 33
177 34
177 37
177 55
177 57
177 58
177 71
177 74
177 77
177 78
177 79
177 83
177 87
177 90
177 96
177 98
177 112
177 116
177 136
177 142
177 145
177 146
177 167
177 187
177 189
177 193
178 26
178 28
178 30
178 41
178 46
178 64
178 73
178 86
178 93
178 96
178 106
178 110
178 111
178 115
178 123
178 127
178 137
178 145
178 155
178 160
179 3
179 24
179 38
179 42
179 47
179 51
179 55
179 74
179 79
179 83
179 87
179 88
179 90
179 94
179 99
179 114
179 126
179 131
179 133
179 139
179 143
179 147
179 160
179 162
179 177
179 182
179 190
180 0
180 4
180 12
180 43
180 45
180 54
180 60
180 64
180 65
180 67
180 70
180 77
180 92
180 118
180 123
180 132
180 147
180 150
180 162
180 163
180 168
180 174
180 176
180 188
180 193
181 0
181 2
181 20
181 36
181 39
181 56
181 64
181 69
181 80
181 103
181 107
181 112
181 123
181 125
181 127
181 129
181 131
181 134
181 175
181 176
181 183
181 198
182 4
182 17
182 22
182 51
182 56
182 58
182 59
182 63
182 65
182 69
182 92
182 93
182 95
182 110
182 112
182 113
182 120
182 143
182 145
182 162
182 186
182 187
183 0
183 12
183 23
183 28
183 29
183 34
183 60
183 67
183 100
183 129
183 137
183 138
183 142
183 145
183 146
183 149
183 150
183 154
183 158
183 163
183 165
183 169
183 183
183 189
183 194
183 195
183 196
183 197
184 2
184 4
184 16
184 20
184 30
184 33
184 40
184 47
184 59
184 63
184 66
184 74
184 85
184 100
184 131
184 132
184 136
184 150
184 153
184 155
184 156
184 160
184 167
184 181
184 195
184 199
185 1
185 7
185 11
185 15
185 24
185 29
185 33
185 34
185 37
185 42
185 50
185 61
185 71
185 73
185 74
185 76
185 95
185 99
185 100
185 105
185 122
185 131
185 138
185 148
185 149
185 153
185 154
185 163
185 171
185 174
185 180
185 187
186 3
186 10
186 17
186 24
186 26
186 29
186 30
186 31
186 40
186 44
186 49
186 54
186 59
186 84
186 86
186 89
186 90
186 96
186 98
186 102
186 104
186 133
186 159
186 162
186 169
186 170
187 6
187 29
187 37
187 43
187 44
187 73
187 79
187 81
187 84
187 85
187 95
187 99
187 131
187 133
187 137
187 146
187 158
187 160
187 166
187 168
187 181
187 193
187 197
188 8
188 46
188 48
188 65
188 68
188 93
188 101
188 105
188 107
188 113
188 127
188 136
188 146
188 147
188 149
188 151
188 152
188 153
188 158
188 177
188 183
188 186
189 10
189 20
189 34
189 36
189 40
189 52
189 80
189 106
189 109
189 127
189 131
189 152
189 155
189 164
189 169
189 177
189 178
189 179
190 14
190 30
190 39
190 45
190 51
190 65
190 76
190 81
190 92
190 94
190 95
190 98
190 115
190 120
190 122
190 130
190 133
190 136
190 139
190 140
190 154
190 158
190 159
190 165
190 166
191 13
191 29
191 32
191 34
191 46
191 51
191 52
191 58
191 77
191 79
191 83
191 98
191 108
191 113
191 123
191 131
191 134
191 140
191 143
191 150
191 159
191 160
191 171
191 199
192 7
192 13
192 14
192 18
192 19
192 20
192 30
192 40
192 41
192 42
192 44
192 46
192 48
192 57
192 61
192 66
192 68
192 90
192 91
192 108
192 113
192 121
192 122
192 128
192 147
192 156
192 166
192 170
192 177
192 183
192 184
192 191
193 16
193 23
193 27
193 28
193 40
193 45
193 47
193 51
193 54
193 72
193 90
193 96
193 102
193 106
193 113
193 116
193 128
193 132
193 137
193 144
193 147
193 152
193 153
193 160
193 169
193 178
193 187
193 189
193 192
193 196
193 197
194 7
194 14
194 17
194 38
194 42
194 44
194 65
194 69
194 84
194 87
194 116
194 132
194 136
194 143
194 160
194 162
194 165
194 186
194 195
194 196
195 3
195 28
195 31
195 47
195 52
195 56
195 58
195 60
195 74
195 88
195 89
195 93
195 97
195 107
195 114
195 123
195 126
195 130
195 148
195 163
195 170
195 173
195 179
195 184
196 11
196 19
196 24
196 40
196 65
196 68
196 78
196 80
196 95
196 107
196 110
196 113
196 126
196 127
196 132
196 134
196 138
196 143
196 158
196 160
196 168
196 184
196 187
197 1
197 31
197 46
197 47
197 53
197 54
197 55
197 58
197 81
197 82
197 84
197 101
197 108
197 110
197 112
197 139
197 143
197 148
197 156
197 163
197 172
197 178
198 7
198 12
198 15
198 17
198 23
198 25
198 33
198 35
198 36
198 48
198 50
198 54
198 57
198 67
198 77
198 81
198 86
198 106
198 111
198 112
198 126
198 172
198 176
198 188
199 6
199 8
199 16
199 19
199 20
199 25
199 42
199 48
199 56
199 57
199 64
199 65
199 66
199 69
199 80
199 97
199 104
199 106
199 112
199 115
199 132
199 136
199 137
199 185
199 192
199 194

3
67 158
71 53
112 130

26
5 52 716
9 38 358
13 81 811
14 63 481
15 58 725
15 73 668
17 93 27
17 124 531
26 196 3
48 155 645
65 101 854
70 154 946
80 69 180
90 163 698
93 122 252
95 189 835
111 137 843
112 174 974
115 176 670
124 16 531
138 117 39
142 147 214
145 28 604
158 96 338
185 152 770
187 136 190
