7701168
8580090
1254291
7178652
2511600
7885182
5391465
9368424
3598914
4475622
6154425
2382720
2734470
9315357
1417926
3627435
8757570
1447791
9909879
8376681
9512640
2314308
1213980
8017299
8799810
3420000
4413696
7057887
1564206
2453127
1475286
4452705
5383446
9169848
2163819
6423513
3614334
6735213
2206860
9966039
7741050
4224957
7326111
7483965
3011940
1064442
8571780
5647518
1346970
5638533
1255920
9974742
2736879
7865433
8372241
8293917
8489199
4418130
6935655
4699812
2709495
9316329
9362943
2584179
6567525
6130350
9845901
5768691
5608038
5275065
2244120
3094218
4982325
9952614
1775487
3856962
5509584
8890908
4731381
2873592
4455846
1202601
4740864
5745807
5023731
8611761
2927877
9899772
8607810
1412784
3745527
9383271
5026503
2499708
1199553
7864491
4074108
4291872
3255015
3338160
6637845
5636454
5683101
8183673
6764967
1995339
1501458
4944615
5526129
2537253
1801251
3363780
3611367
7359354
3864696
6774351
4377969
5315136
2204259
8579370
2909283
6955830
1746543
5951244
5208702
5561124
4719969
2220171
8346702
3932871
1914090
2664774
6755268
6915264
7862763
1810992
6883707
8646366
2181687
9102444
1135215
1353159
6547944
6067485
2739378
1804440
3914208
9883683
8785728
8678952
7535526
5860818
1321707
1864563
6876552
2796159
4341504
7705494
7005786
7411776
9391452
8792883
8626806
9905268
2159649
1809060
8274051
8493561
9905355
2900577
4089318
2699445
8513691
6607479
3043659
4683225
1164327
9694227
2192598
3227817
4118703
4423377
5901357
1535739
2715108
8888766
4660644
4899348
2184771
6199566
8150556
3734811
8886453
7692045
5589231
9358824
6841380
5292090
8307732
9877893
3126684
1458843
5177205
6353484
7753206
1906422
7314744
5390958
3646617
6908556
5051448
4252476
4490535
1603038
1371798
9398406
6024252
7561746
6223095
5466840
4248606
5002566
4857381
3401631
2912871
3092085
3380931
8895579
4560438
1332126
3242778
1498755
3313737
7335969
1515696
5303856
5531523
9575739
5258853
3764283
1338876
5398038
5698350
8900283
4512741
9816300
5362041
8053098
6939063
3868734
2920065
9278565
6501450
6950232
4007358
2372184
5880318
8404008
5541045
9346545
1976925
1537380
7429188
4206927
6289173
3226251
8622708
8453235
8587674
1103583
5078694
7502760
8117949
1055679
8105001
3441447
4947159
8296293
7240287
2816781
7367592
6269340
6432024
2811114
7596513
2836719
1859556
6233373
8797896
9720063
6508941
2874207
8180589
1143978
1091454
6461955
8308413
1165866
8652834
1296552
1821930
4364367
9267453
6897960
4833942
8125422
6018777
3751389
7701240
6828591
9504609
1569963
1956048
4171575
1564263
2965824
2145861
1806462
2138544
1641363
9802068
3222417
9393006
6762195
4385631
9872148
3929235
3508863
4254171
6011778
8871438
8671569
3634605
2299125
2402589
5549241
2688924
8332119
1054242
6200760
8829846
2414841
2854791
2740848
3798162
9675858
7630083
4213260
3519414
6545514
3220572
9659544
6828525
3909687
4387149
5940384
9889446
1231404
5652669
1375305
8599320
6984633
1781583
4440873
3830889
9202758
4424691
6710253
6578382
5402166
4309431
4905996
2504967
3793710
2458302
3866889
3912594
4736541
6131688
1279713
1260252
6736260
5611377
3474009
3275322
1676046
3129000
2863653
9689031
7680414
4407321
9343524
4702806
3896805
6982194
2057238
5952987
4088994
1993215
9641928
8156274
3603537
8054787
7598301
3546897
1415589
1263729
4350429
9165927
2351610
8249157
1419687
2379417
7475889
2507031
6025914
5600658
6617937
8167854
2946393
1726065
2030085
7928301
7131435
2030691
6852948
1469268
9830022
6429783
9092910
4548693
4848408
1752528
8455716
7185987
1237953
4752990
7474017
4599765
4415268
1857162
4775208
6328995
2230878
3863241
8425470
1025295
3648642
5953224
6185169
1768884
7699074
4512033
5930556
6784245
1435593
3186135
3297273
3187677
1519737
4233636
9250635
6376641
3882867
1391541
7591056
7632816
6857127
3978894
5833734
8479836
6523059
9464991
3410715
7448712
6871104
9672504
5740185
4135227
8697966
4381605
6279000
3025212
9996024
4292763
1751322
9210456
7857603
1511655
9247479
4757886
2895822
4974498
3522597
1337190
1550886
1683831
5092731
8334030
3951642
1284951
5580438
6207873
6886176
1132320
3390624
4790526
6002277
6374316
6218991
5157585
1211934
1789044
9204918
9437520
6596001
3151962
5039421
7823922
4421346
2921130
7623117
4968945
9069114
1879626
3195105
9156129
4889865
5555277
9664485
7361019
7844511
2961048
5600880
3123417
1774578
2133288
5144127
7705770
7759968
2000514
6751722
6431679
3425838
7005717
2317020
3582429
5773443
9276930
9069750
7382142
2823519
1949673
7898577
4700064
5377260
6569436
9623574
8119749
4469784
3189048
1222278
5215662
7818321
9928479
3036681
8468697
5874015
5861973
8142018
9147744
7610124
4059459
5268267
8078856
3113586
2961663
3315375
8090286
1366878
9035961
6904674
1916673
6977937
1251300
3223131
4070145
4065189
2673102
6616707
4767543
9094212
8627391
3863844
1191474
1169406
6129828
3039633
3248475
4665756
1199916
2379933
6309285
3366276
7981578
4657161
3013710
3472239
3903489
9170568
5489835
8553210
8860305
9589287
7819272
9469509
1947318
4618959
6832746
5433327
2738229
1619544
6906684
4036410
4344552
5978211
8787357
1628793
7469415
9722622
8972718
2725122
1659102
5722443
5552586
4392294
4597641
2759718
8537985
1375647
4544433
9805860
4555323
3386547
5696274
7191909
