4658017
9562813
8098219
5455687
5013859
4717765
5286358
9326263
7078756
8759137
4534201
3216484
9834079
6295771
7358242
5886115
4730650
1796536
9018517
5317084
5088775
5217172
1454971
3089176
4351363
1312891
8797252
1748311
5665171
6273772
5149330
8785699
7194460
5850709
9228367
9722968
2603470
3031405
4578538
3591682
6088951
6119299
7678582
4712344
4017154
3931639
5569765
4975204
5751967
9909874
7415107
8764894
1769803
9438589
4499773
4357873
4537054
6985774
6939232
1260520
7512799
3531229
8191360
6052972
3637084
6380977
2979481
4762828
4966363
4047391
8020780
6157417
8681722
1447384
9276460
8016835
9213256
3184429
7006960
9541672
9976606
4346254
5179339
3002965
6561433
2081965
8105032
9699802
6750469
4048849
5377570
1380631
4851376
9593677
5708068
2166967
6031219
8858935
2756668
4515070
1978801
2056819
8698459
6137983
6520420
6019393
1722211
6412390
6835225
1662046
8964193
2824534
5726251
1366237
1909075
5497105
5827018
6754357
8261728
2645050
9417688
3671494
5164816
5594737
3227956
1202191
4700677
7447576
9051679
7194784
5640826
2638813
1916845
2289277
9948676
7213675
1083064
2211511
5766427
6806179
8790226
1745533
6227368
6217288
4946728
3982312
1733887
7301170
9450253
6723697
5692471
3849730
9743692
7412512
2322262
9056377
9287695
1550083
5538100
7258957
5849521
1229713
7349779
2688628
9816865
3822631
8841544
3221713
7630879
6264445
4952101
1438561
5139328
7585504
2510677
4431478
4775638
4161475
4669780
3961855
5896444
5644807
5464321
6102592
1283176
6996844
1334362
4635106
5096431
3568399
9619750
1858498
6000538
2328049
1910803
5867494
6401095
6228469
7071319
8657224
9433408
3312211
7894651
9788410
9322864
9878395
5945716
7397812
7085950
2612962
1781338
7839241
8574508
8600782
5618392
2361550
6510424
8372515
5885479
8648845
3488173
2820079
2848426
9884719
8052436
9780997
7756765
5733886
9541006
5666083
8209216
2511115
6058195
9868324
6856870
8666464
1355233
1721050
6076261
2374882
6623686
6752098
4652077
3729202
7997992
6165610
8837509
4547929
1840447
4030576
9585322
6497698
9317095
5930590
5979727
1467574
1515532
8195398
8806978
4590925
5106889
1024054
4480897
4730311
3750250
1812085
7681699
4202689
8226235
2908627
2244637
1654906
9161653
8793850
8964793
9600937
6044434
5991433
5166460
6102706
9920101
7262461
4482424
6924322
4356334
3099475
5061313
7553257
9180262
1892371
3046723
9482539
4884583
6967246
7586563
1179433
6973888
3203542
6339277
2993254
7926616
8652019
9847525
5834566
6083851
4299097
7742836
2124745
8776222
6131209
3576088
5721670
5140687
8730406
9818533
7108786
1220560
6826672
1111051
2844043
2898466
6243199
4661254
3238003
6507862
5329720
4551388
4381621
9980560
3404719
5413813
7276627
7540195
6634762
9084847
6139858
1158319
2286265
5687143
7307407
2145214
7847725
7422238
8519719
9316924
7119454
7196527
4497565
3745702
4990930
8487217
6416671
3380308
6521218
9014788
6436741
9042406
7233835
9353191
8801836
9786103
7784440
5524210
4959931
1716265
4638367
8949865
1111669
6961069
7399888
4801969
1045483
2643076
3685063
4218241
5772214
8532493
7261114
1880140
3177088
5189974
2108659
8962813
7814812
1883923
6482212
6216292
8212057
5828884
4388683
4027144
5723758
5676994
8059804
1717963
5370493
8713357
6795688
3800758
5280412
1587553
2268190
3039532
4788391
9044509
9927286
7417291
5744089
6548410
6628822
5726545
8040688
6719428
5693308
2371987
1841917
1215985
7568557
7069801
7930009
8396365
3135559
7435843
7961755
8457520
2869948
8574196
9486916
3513589
4017103
2820778
7154608
8428855
2224804
9985117
8607910
5586148
8313844
1415761
7635958
1311118
2082415
4010905
8616589
1446787
7116295
5205907
8889973
8672167
7314622
2181676
5180446
6132019
7607485
6447463
5396962
2382508
8448577
9765112
4324540
9898090
4397752
3240124
6956974
3073180
3455098
7067002
7045531
6145831
6056809
5949121
2724607
5956186
6545887
2546095
7980559
6493807
3304369
7441897
1040353
6867220
5700778
5899435
5754706
9263827
7402864
8844661
7756807
7055089
7346146
1911928
1714831
4332307
2701750
8378305
9697906
4024813
3918628
6426994
6863089
5485678
5417461
9286063
3718969
6932581
9417253
4515496
4551556
2070754
6065980
9714295
9893407
7292554
5984917
1109842
5571796
5382061
5993635
5207668
6455848
7643770
6566359
4559674
2691775
5368471
8677273
9354181
7794178
9827005
8945971
3701530
3660292
7555975
1766437
5002216
9833329
5653195
2063443
3462097
5366107
1588285
3316792
3117826
5711449
2454466
8402575
1505752
1525165
8220781
6763297
2490655
4740367
8507665
1934734
4131523
5146288
4609801
5318275
8603992
4472221
8163412
2441629
8366488
1090765
4635274
1808248
7739245
7870072
2697388
8047153
8675122
7493200
8714191
4574080
6711310
2945992
4578616
4587544
1422457
6504286
5544229
8493208
5135923
5465590
5833648
3229498
7863664
5744968
3983005
5954878
8004007
3341011
9656425
3567571
8856235
8359726
4558912
5539513
4005376
3363457
1992895
2638699
4749487
1171255
8029144
2177728
3967660
1259926
1202101
4366279
8968894
3934225
4557925
6814204
9445075
3224482
1034425
9198754
2358562
3218413
1177009
5319040
5935612
3595534
2957536
2438344
5384221
4855054
1331965
8176333
5806804
1419256
1692325
6502327
7576489
5021098
7825777
1728247
5811865
2231965
2629531
8297233
9418426
8472424
5303536
5223349
4635214
7960537
6524140
4975711
7442599
2876974
9634867
1071238
6159277
2053579
4246750
5428195
8243041
9248701
4877296
5539786
5691577
2917423
3984652
3308461
3093535
5729038
5939245
4046536
2433046
4199857
5924395
5002561
8538022
6883168
1378195
5857087
5378503
2734858
1103539
7149415
5592676
8607340
5080987
8826157
5946835
5871211
3095830
9571783
2682292
7131037
3338428
