8226443
6991427
6743294
5756441
2436110
1317059
5739149
4851377
9581231
1628768
9684314
3713285
6668327
5935019
8931113
1407230
8779868
5649302
5940614
4766462
4859639
1143752
1893959
3168182
4971842
8169953
6946814
5728805
4601597
1722422
3439574
4032815
7121117
2655191
8428610
4100999
8980889
2731229
2079164
4107452
3650336
4127558
7462721
9638276
3013193
5135042
6707927
3435524
8072294
9786002
1018433
8322812
7975967
6291791
8919440
8447714
4797869
5816492
8912072
9877232
4422083
2699693
3887324
5693600
9742070
6264323
3788744
2994902
8718806
2608958
9475937
6064733
1871342
1353521
6839690
7552628
5148392
8122604
8188148
5209049
6904784
9529148
1249490
8901110
2015057
9466835
9897977
1672163
4149911
6234182
1024388
7398857
6765401
4521890
2787647
5942324
2699561
1130330
6779789
7094450
8706680
2563091
6080099
8819960
4073744
9730037
9583778
8054597
4493540
8138636
1213535
3416216
2129201
6777038
2061878
4875167
9476180
8922092
3493031
1092566
3702941
9424907
6858575
9808394
2998283
5144036
6502580
7068035
6483797
8730305
9999905
9054386
4255373
9027164
1292369
6209282
6332429
9324944
4613717
1244723
9098783
7844393
9644678
3552608
8780420
2050394
9846749
3745049
9463013
5418752
5767409
4051001
7900700
9428945
6027032
1266809
1933577
8994353
9185654
5890721
1232591
8850554
3650462
1848434
3639869
7007837
3055694
7645145
6123035
9861614
6178034
2807933
2937290
8225867
1527647
3121994
1529891
7398074
8477513
9426926
4108814
9711797
2984693
7037984
5415869
9153197
3078470
3925256
4658312
9939911
7034513
4788035
7453451
7511855
7904582
1171985
8624246
1154690
4398140
3184928
1091663
6988868
8858138
8301296
3728714
2050214
2845883
6396686
1699181
6734834
1496198
6096101
5978885
1614611
1096814
1208360
4554449
2932724
8376113
5465861
7087802
3713843
1134971
2603711
1035323
6868829
6439934
7189151
7929092
4072592
7424753
6970745
9466703
8516486
6158615
7198541
7541063
1749512
8666177
7318820
7476815
2681084
2576204
8987720
2189036
8730539
3159965
8512193
8036096
8083535
2324351
9581996
3906620
7914740
1667657
2899280
9420716
8370257
1509077
7478222
3553181
5233661
3413087
7569404
5563763
2121557
9858683
3896108
5100350
1578704
6010922
8813645
7957301
1050752
7386719
2755118
6608336
8763545
6944168
1972559
8732045
2119424
2915459
2242748
1056287
5271857
6100691
1845257
6930377
9289085
3314204
3683312
2597255
9733031
5553098
3744158
3577385
6142187
4025357
1383272
3339380
5207534
1840181
1946540
7336418
2637446
1560341
8662988
1344815
3745484
1025933
3448085
4163384
7899719
1373858
9994793
1365353
6151427
4585304
8615666
6721871
5342246
9646298
1062635
1454588
8123711
1354361
1064993
5405039
2941301
9433580
1924763
9178280
2593133
8438936
9411854
4393841
4301879
7527110
9961250
7681736
2462207
4587413
7723031
8936444
1840163
6707093
5060108
3709394
1185731
3628721
5314112
9603557
3442643
4740887
9630854
2560160
9444470
1367957
5543501
9612839
4657658
6608252
8628821
6394613
7710296
2552645
7932746
2989040
8160149
4766351
5633963
1422011
4156169
3929771
9389369
4818683
6718709
1951907
2541608
5928803
4392416
2682248
8723300
9712655
6251390
6964259
1453652
2569211
1917905
9398798
7616078
5931008
6161990
1348322
4794503
7048694
8906498
4199192
8163071
1741880
2099279
4762877
7144196
7347293
7072748
1033883
8992082
5736089
4507223
9527675
7840496
8794361
5927483
6939095
7620263
9695891
4049450
7701650
1124801
3937223
9120722
8831930
8750693
2763002
3054173
6628772
7715513
9496628
6252185
9994703
4894889
1719779
6439409
8635235
6207359
4962092
3607892
8848112
1664975
8263769
7128194
2896370
9956879
4351328
7433192
8834036
5575466
1070231
3886268
6731273
2355185
3848543
7397774
8708327
1027151
3395066
9282551
4448378
2572082
3723905
5402630
1582871
1711316
7455470
5738573
3043193
5284685
9894836
9143888
2246138
7676357
1182677
4994279
9183260
3234389
3634871
7945469
6023903
1598627
6087602
8895383
3239348
1847339
9773354
6143801
3900974
6580586
8464511
5211644
7694879
7205210
4252139
7288709
3871307
8684507
1146134
8020160
8041334
4858112
5375513
2029898
8152682
3750614
9675611
1870964
8152586
1671746
3277718
2889812
3569162
9941492
5620178
5949350
3229124
8166779
1031858
9610364
5090756
1542635
1926152
8768162
5217752
3210293
1420781
3132704
1809380
1851281
2732450
5785502
3530414
2575103
1969808
9589460
5071730
5603792
6409943
9036167
9279665
2524688
3819239
7530119
7378859
4511132
1431215
5104187
1670627
2399363
8372105
4121036
3103835
7288784
6181700
6173420
6309023
3394199
1912136
8834735
7917863
7792349
9893963
9143567
5188610
9849974
1079252
7787282
8383148
8044439
8781119
3944690
5971238
8476628
9870773
5583392
7064606
5357126
6756791
9421394
4764311
1043156
7878248
3307643
7928462
4209953
3190145
4094081
3609026
4429727
8118104
9612989
1370285
4978733
2492738
5750450
8605652
8315123
4271129
5249531
9719768
8738012
5418434
5489648
4197281
7424432
9126914
7075004
6590708
5110934
3095636
8606903
1998146
2197622
9056504
1649774
4970231
7449377
7805768
7426781
8445893
9200996
6044285
6066353
5117840
8722511
2817938
6753569
2051657
9480233
4017437
1284530
2015630
7147844
9526358
5574593
1995779
9723356
3102650
9632672
9645980
8518115
6687263
2261768
1568693
1038905
8734274
3525014
7561688
4421126
5043854
2616260
5964977
9284654
1389056
5360051
8872454
6316967
7025690
4909298
1536491
6610691
4281611
