4658017
9562813
7701168
8098219
5455687
8226443
6991427
6743294
5756441
5013859
4717765
8580090
2436110
1254291
1317059
7178652
5286358
5739149
9326263
7078756
8759137
2511600
7885182
4851377
9581231
5391465
1628768
9684314
3713285
4534201
6668327
9368424
3216484
5935019
9834079
8931113
6295771
1407230
8779868
3598914
4475622
5649302
7358242
6154425
5940614
2382720
4766462
4859639
1143752
5886115
2734470
9315357
4730650
1796536
1893959
9018517
3168182
1417926
3627435
4971842
8169953
8757570
5317084
6946814
5728805
5088775
5217172
1447791
4601597
9909879
8376681
1722422
1454971
3439574
4032815
3089176
4351363
1312891
8797252
1748311
9512640
7121117
2655191
8428610
4100999
8980889
2314308
1213980
2731229
2079164
5665171
4107452
3650336
4127558
6273772
5149330
8017299
8785699
7194460
7462721
8799810
3420000
4413696
9638276
3013193
7057887
5850709
5135042
6707927
3435524
9228367
1564206
9722968
8072294
2453127
1475286
4452705
2603470
3031405
9786002
1018433
5383446
4578538
8322812
7975967
9169848
2163819
6423513
6291791
8919440
3591682
8447714
6088951
6119299
4797869
7678582
3614334
4712344
6735213
4017154
3931639
5569765
2206860
4975204
9966039
5751967
7741050
4224957
5816492
8912072
9909874
7415107
8764894
9877232
4422083
1769803
7326111
9438589
4499773
7483965
2699693
4357873
3011940
3887324
5693600
4537054
6985774
9742070
6939232
6264323
1064442
8571780
3788744
1260520
2994902
8718806
5647518
2608958
9475937
6064733
1871342
1346970
5638533
7512799
1353521
6839690
7552628
5148392
3531229
1255920
9974742
2736879
8191360
6052972
3637084
7865433
8372241
8122604
8188148
6380977
8293917
8489199
5209049
4418130
6935655
2979481
4762828
4699812
2709495
6904784
9529148
9316329
4966363
1249490
9362943
4047391
8901110
8020780
2015057
2584179
6157417
6567525
8681722
9466835
6130350
1447384
9845901
9897977
5768691
9276460
1672163
4149911
6234182
5608038
8016835
9213256
5275065
1024388
2244120
7398857
3184429
6765401
7006960
3094218
4521890
4982325
9952614
1775487
3856962
5509584
2787647
9541672
5942324
8890908
9976606
2699561
4731381
2873592
4346254
4455846
1130330
5179339
1202601
6779789
3002965
4740864
5745807
7094450
8706680
2563091
6561433
2081965
5023731
8611761
6080099
8819960
2927877
9899772
8607810
4073744
9730037
9583778
8105032
9699802
1412784
3745527
9383271
8054597
5026503
4493540
2499708
8138636
1213535
6750469
3416216
1199553
7864491
4074108
2129201
4048849
4291872
5377570
6777038
2061878
4875167
1380631
4851376
9593677
9476180
8922092
3493031
1092566
5708068
3702941
2166967
3255015
6031219
8858935
2756668
9424907
6858575
9808394
3338160
4515070
1978801
2998283
2056819
8698459
6137983
6520420
5144036
6502580
7068035
6483797
6019393
8730305
9999905
9054386
6637845
5636454
4255373
9027164
1292369
1722211
5683101
6209282
6332429
8183673
6764967
6412390
6835225
1995339
9324944
1662046
1501458
4613717
4944615
5526129
2537253
1244723
8964193
1801251
3363780
3611367
9098783
2824534
7844393
9644678
3552608
8780420
2050394
5726251
9846749
7359354
1366237
1909075
3864696
5497105
5827018
6774351
3745049
6754357
8261728
9463013
4377969
2645050
5315136
5418752
9417688
3671494
5767409
4051001
7900700
5164816
2204259
5594737
3227956
9428945
8579370
6027032
2909283
1202191
4700677
7447576
1266809
6955830
9051679
1746543
1933577
7194784
8994353
5951244
5208702
9185654
5640826
5890721
5561124
2638813
1232591
4719969
1916845
8850554
2220171
3650462
2289277
1848434
3639869
8346702
3932871
1914090
2664774
9948676
6755268
7213675
1083064
7007837
3055694
7645145
2211511
6915264
5766427
6806179
6123035
8790226
7862763
9861614
6178034
1745533
6227368
2807933
6217288
2937290
1810992
6883707
8646366
4946728
2181687
8225867
9102444
1135215
1527647
1353159
3121994
6547944
3982312
1529891
1733887
7398074
6067485
7301170
9450253
2739378
8477513
9426926
4108814
9711797
6723697
2984693
5692471
7037984
3849730
9743692
7412512
5415869
2322262
9056377
1804440
3914208
9883683
8785728
9287695
8678952
1550083
5538100
7535526
5860818
7258957
1321707
5849521
1229713
1864563
7349779
2688628
6876552
9153197
2796159
9816865
3822631
8841544
4341504
3221713
3078470
7630879
3925256
7705494
6264445
4952101
4658312
9939911
1438561
5139328
7034513
7005786
7411776
9391452
7585504
2510677
8792883
4431478
8626806
4775638
4788035
9905268
7453451
2159649
1809060
8274051
8493561
4161475
7511855
7904582
4669780
3961855
5896444
9905355
2900577
5644807
1171985
4089318
2699445
8513691
6607479
5464321
3043659
8624246
1154690
4683225
4398140
3184928
6102592
1283176
1164327
6996844
1334362
1091663
4635106
5096431
6988868
3568399
8858138
9694227
9619750
2192598
3227817
8301296
3728714
1858498
6000538
2050214
2328049
1910803
2845883
5867494
4118703
6401095
6228469
4423377
6396686
5901357
7071319
8657224
1699181
1535739
9433408
3312211
7894651
9788410
9322864
9878395
5945716
7397812
7085950
6734834
2715108
2612962
1496198
6096101
1781338
7839241
8888766
8574508
5978885
4660644
1614611
1096814
1208360
4899348
8600782
5618392
2184771
4554449
6199566
2932724
2361550
8150556
6510424
3734811
8372515
8886453
5885479
8376113
8648845
3488173
2820079
7692045
5589231
5465861
2848426
9358824
9884719
6841380
7087802
5292090
3713843
8307732
1134971
8052436
9877893
3126684
9780997
2603711
7756765
1035323
6868829
1458843
5177205
5733886
9541006
6353484
7753206
6439934
1906422
5666083
8209216
2511115
7314744
5390958
7189151
6058195
3646617
6908556
7929092
9868324
6856870
8666464
1355233
4072592
1721050
7424753
6970745
6076261
9466703
5051448
4252476
4490535
2374882
1603038
6623686
8516486
6752098
4652077
1371798
6158615
3729202
7997992
7198541
7541063
6165610
8837509
1749512
4547929
8666177
1840447
4030576
7318820
7476815
9585322
6497698
9398406
2681084
2576204
8987720
2189036
8730539
3159965
9317095
8512193
8036096
6024252
7561746
8083535
2324351
5930590
5979727
6223095
1467574
1515532
5466840
4248606
9581996
5002566
4857381
3906620
3401631
2912871
7914740
1667657
2899280
9420716
8370257
1509077
3092085
8195398
7478222
3380931
8806978
3553181
8895579
5233661
4560438
3413087
7569404
5563763
4590925
2121557
9858683
5106889
1332126
3896108
1024054
5100350
4480897
4730311
1578704
6010922
3242778
3750250
1812085
1498755
8813645
7681699
3313737
7335969
1515696
4202689
5303856
7957301
5531523
9575739
8226235
2908627
2244637
1654906
1050752
9161653
7386719
2755118
8793850
5258853
8964793
6608336
9600937
8763545
3764283
6044434
6944168
5991433
1338876
5166460
1972559
6102706
9920101
5398038
5698350
7262461
8900283
4482424
4512741
8732045
6924322
9816300
5362041
4356334
8053098
6939063
2119424
3099475
2915459
5061313
2242748
3868734
7553257
9180262
1892371
2920065
1056287
9278565
6501450
6950232
4007358
3046723
9482539
5271857
6100691
4884583
6967246
2372184
5880318
8404008
5541045
9346545
1976925
1845257
1537380
7429188
4206927
7586563
6930377
1179433
6973888
9289085
3314204
6289173
3226251
3683312
2597255
9733031
8622708
8453235
5553098
8587674
1103583
3744158
3577385
5078694
3203542
6339277
2993254
6142187
7926616
7502760
8117949
4025357
1383272
3339380
1055679
5207534
8105001
1840181
8652019
9847525
5834566
3441447
4947159
8296293
6083851
1946540
4299097
7742836
2124745
8776222
7240287
7336418
2637446
1560341
2816781
6131209
3576088
8662988
5721670
7367592
5140687
8730406
6269340
9818533
6432024
7108786
2811114
1344815
3745484
7596513
1025933
3448085
2836719
1859556
1220560
4163384
7899719
6826672
1373858
6233373
8797896
9720063
1111051
6508941
2874207
9994793
1365353
2844043
8180589
2898466
1143978
1091454
6151427
6243199
6461955
4585304
8308413
8615666
4661254
1165866
3238003
8652834
6507862
1296552
1821930
5329720
4364367
6721871
4551388
9267453
5342246
6897960
4833942
4381621
9980560
3404719
8125422
9646298
5413813
7276627
7540195
6018777
3751389
7701240
1062635
6634762
9084847
6828591
6139858
9504609
1158319
2286265
5687143
1569963
1454588
1956048
7307407
2145214
7847725
8123711
7422238
4171575
1564263
2965824
8519719
9316924
2145861
1354361
1806462
7119454
2138544
1641363
1064993
5405039
9802068
2941301
7196527
3222417
9393006
6762195
9433580
4385631
9872148
3929235
1924763
4497565
9178280
3508863
4254171
6011778
2593133
8871438
8671569
8438936
3634605
2299125
2402589
9411854
3745702
4990930
8487217
5549241
2688924
6416671
3380308
4393841
6521218
4301879
8332119
9014788
7527110
6436741
9042406
7233835
9353191
9961250
8801836
7681736
2462207
1054242
9786103
6200760
4587413
8829846
7723031
7784440
2414841
5524210
4959931
2854791
1716265
4638367
2740848
3798162
8949865
9675858
1111669
6961069
7399888
8936444
4801969
1840163
7630083
1045483
6707093
2643076
5060108
3685063
4218241
3709394
1185731
4213260
5772214
8532493
3628721
7261114
3519414
1880140
3177088
6545514
5314112
9603557
3442643
3220572
9659544
5189974
2108659
8962813
7814812
6828525
3909687
1883923
6482212
6216292
4740887
4387149
8212057
5828884
5940384
9630854
4388683
9889446
1231404
5652669
2560160
4027144
5723758
5676994
8059804
1375305
1717963
9444470
5370493
1367957
5543501
8713357
6795688
3800758
5280412
1587553
2268190
3039532
9612839
4788391
9044509
9927286
4657658
8599320
7417291
5744089
6984633
6548410
1781583
6608252
4440873
6628822
8628821
5726545
3830889
8040688
9202758
6719428
5693308
6394613
4424691
7710296
6710253
2552645
2371987
1841917
7932746
6578382
1215985
2989040
8160149
5402166
4766351
5633963
7568557
4309431
7069801
4905996
2504967
3793710
1422011
2458302
7930009
3866889
4156169
3912594
4736541
6131688
8396365
3929771
1279713
9389369
3135559
1260252
6736260
7435843
7961755
8457520
5611377
2869948
3474009
3275322
8574196
4818683
9486916
6718709
1676046
3513589
3129000
1951907
2863653
2541608
5928803
4392416
4017103
9689031
7680414
4407321
2682248
9343524
8723300
9712655
2820778
6251390
4702806
6964259
7154608
3896805
8428855
6982194
1453652
2057238
2224804
9985117
8607910
5952987
5586148
2569211
4088994
8313844
1415761
7635958
1311118
1917905
2082415
1993215
9398798
4010905
8616589
7616078
9641928
5931008
1446787
6161990
8156274
3603537
7116295
5205907
8054787
8889973
1348322
4794503
7048694
7598301
8906498
3546897
8672167
1415589
1263729
4350429
7314622
2181676
5180446
9165927
2351610
8249157
1419687
6132019
4199192
8163071
1741880
2099279
7607485
4762877
7144196
6447463
7347293
7072748
2379417
7475889
2507031
1033883
8992082
6025914
5396962
2382508
5736089
4507223
8448577
9527675
5600658
9765112
6617937
8167854
7840496
4324540
9898090
8794361
5927483
6939095
7620263
2946393
4397752
1726065
3240124
2030085
9695891
7928301
4049450
7701650
7131435
6956974
1124801
3073180
3937223
2030691
9120722
3455098
7067002
8831930
6852948
8750693
7045531
6145831
6056809
1469268
9830022
5949121
2724607
2763002
5956186
3054173
6545887
6429783
2546095
6628772
9092910
7715513
9496628
4548693
6252185
7980559
6493807
4848408
3304369
7441897
1040353
6867220
1752528
8455716
5700778
7185987
1237953
5899435
4752990
5754706
9263827
7474017
7402864
9994703
4894889
1719779
8844661
7756807
4599765
6439409
4415268
7055089
1857162
4775208
8635235
6328995
7346146
2230878
3863241
8425470
6207359
4962092
3607892
1025295
1911928
3648642
5953224
1714831
4332307
8848112
6185169
1664975
2701750
8378305
9697906
8263769
4024813
1768884
7699074
3918628
4512033
5930556
6784245
7128194
6426994
2896370
1435593
9956879
4351328
6863089
7433192
3186135
8834036
5485678
5575466
5417461
1070231
3886268
6731273
3297273
2355185
3848543
3187677
9286063
7397774
1519737
4233636
3718969
6932581
9417253
9250635
6376641
8708327
3882867
1391541
4515496
4551556
1027151
7591056
3395066
9282551
4448378
7632816
2572082
6857127
3723905
5402630
3978894
1582871
2070754
1711316
7455470
5738573
5833734
6065980
8479836
3043193
6523059
9464991
5284685
9714295
9893407
9894836
7292554
5984917
3410715
9143888
2246138
7448712
7676357
6871104
9672504
1182677
1109842
5740185
4135227
4994279
5571796
9183260
3234389
3634871
8697966
7945469
5382061
5993635
5207668
4381605
6023903
6279000
1598627
3025212
6455848
6087602
8895383
9996024
3239348
4292763
1847339
1751322
9210456
9773354
6143801
3900974
7643770
7857603
6566359
6580586
8464511
5211644
1511655
7694879
9247479
4559674
7205210
4757886
2691775
5368471
4252139
8677273
7288709
2895822
3871307
4974498
3522597
8684507
1146134
9354181
7794178
8020160
1337190
8041334
1550886
4858112
9827005
1683831
5092731
5375513
2029898
8334030
3951642
1284951
8152682
5580438
3750614
9675611
1870964
8945971
6207873
8152586
6886176
1671746
1132320
3701530
3660292
3277718
3390624
2889812
7555975
3569162
4790526
9941492
1766437
5002216
9833329
5653195
5620178
5949350
2063443
6002277
3462097
6374316
3229124
8166779
1031858
9610364
6218991
5366107
5090756
1588285
3316792
3117826
5711449
5157585
2454466
1542635
1926152
8402575
1211934
8768162
1505752
1525165
5217752
8220781
6763297
1789044
2490655
3210293
9204918
4740367
9437520
1420781
3132704
8507665
1809380
6596001
3151962
1851281
1934734
2732450
5785502
4131523
5039421
3530414
2575103
5146288
7823922
1969808
4609801
4421346
9589460
5071730
5318275
8603992
5603792
4472221
8163412
2441629
8366488
1090765
4635274
6409943
2921130
9036167
9279665
1808248
2524688
7739245
3819239
7870072
7623117
7530119
2697388
4968945
7378859
4511132
8047153
8675122
7493200
1431215
8714191
9069114
4574080
1879626
6711310
2945992
3195105
5104187
4578616
4587544
1422457
6504286
5544229
9156129
1670627
8493208
4889865
5135923
2399363
5465590
8372105
4121036
5555277
5833648
3229498
9664485
7361019
7863664
5744968
7844511
3103835
3983005
7288784
5954878
6181700
6173420
6309023
8004007
2961048
3341011
5600880
3123417
1774578
2133288
9656425
3394199
5144127
7705770
3567571
7759968
1912136
8856235
2000514
8834735
7917863
8359726
7792349
6751722
6431679
3425838
7005717
9893963
2317020
3582429
5773443
9143567
4558912
9276930
9069750
7382142
2823519
1949673
5188610
7898577
4700064
5539513
9849974
5377260
4005376
6569436
9623574
1079252
3363457
8119749
7787282
4469784
8383148
1992895
2638699
8044439
4749487
8781119
3944690
1171255
8029144
2177728
3189048
1222278
5215662
7818321
5971238
9928479
3967660
3036681
1259926
8476628
8468697
9870773
5874015
5583392
5861973
1202101
4366279
7064606
8968894
5357126
6756791
9421394
8142018
9147744
4764311
1043156
3934225
7610124
4059459
5268267
7878248
8078856
3113586
2961663
3307643
7928462
4557925
6814204
4209953
3190145
9445075
3315375
8090286
3224482
4094081
1366878
1034425
9198754
2358562
9035961
3609026
4429727
3218413
8118104
6904674
9612989
1177009
1370285
4978733
2492738
1916673
6977937
1251300
5319040
5935612
3223131
3595534
2957536
2438344
5750450
8605652
4070145
8315123
4065189
2673102
5384221
4271129
4855054
6616707
5249531
9719768
1331965
8738012
8176333
5418434
5489648
4767543
5806804
4197281
7424432
1419256
9126914
1692325
6502327
7576489
9094212
5021098
7075004
7825777
1728247
8627391
3863844
5811865
6590708
1191474
1169406
6129828
3039633
5110934
3095636
8606903
1998146
2231965
3248475
2197622
9056504
1649774
4970231
7449377
7805768
7426781
2629531
8445893
8297233
9418426
8472424
9200996
4665756
5303536
1199916
6044285
2379933
6309285
5223349
6066353
3366276
4635214
7960537
5117840
6524140
8722511
2817938
7981578
4657161
3013710
6753569
2051657
3472239
9480233
4975711
4017437
7442599
1284530
2876974
3903489
2015630
9634867
1071238
6159277
9170568
2053579
5489835
8553210
8860305
4246750
7147844
5428195
8243041
9248701
4877296
9589287
7819272
9526358
9469509
5539786
5574593
1947318
4618959
6832746
1995779
5433327
5691577
2917423
3984652
2738229
1619544
3308461
9723356
3093535
3102650
6906684
4036410
5729038
5939245
4344552
9632672
9645980
8518115
6687263
4046536
2433046
4199857
5978211
8787357
2261768
5924395
5002561
8538022
6883168
1568693
1378195
1038905
8734274
5857087
3525014
1628793
7469415
5378503
2734858
7561688
4421126
9722622
8972718
5043854
2725122
2616260
1103539
5964977
7149415
9284654
5592676
8607340
1389056
5080987
1659102
5722443
5360051
8872454
5552586
8826157
5946835
5871211
4392294
6316967
4597641
2759718
3095830
8537985
1375647
7025690
4544433
4909298
9571783
9805860
1536491
4555323
2682292
7131037
6610691
3386547
5696274
7191909
4281611
3338428
